time_regular,rainfall_regular,rainfall_no_ss,rainfall_no_ss_1std
1895-01-01,184.3,59.03151260504198,-30.189915480619135
1895-02-01,95.9,-15.539830508474608,-100.42111040128994
1895-03-01,56.9,-58.76101694915251,-150.24952765126872
1895-04-01,122.9,30.064655172413822,-29.80163802407521
1895-05-01,76.9,-10.517826086956532,-70.15523016224573
1895-06-01,51.6,-12.929310344827606,-58.83509047679329
1895-07-01,5.5,-31.491379310344826,-68.1537356715987
1895-08-01,0.4,-51.82347826086957,-106.94604892477598
1895-09-01,5.9,-103.65789473684214,-171.79180396562438
1895-10-01,410.1,242.1285087719298,134.57332302475362
1895-11-01,73.6,-96.58405172413782,-206.7266345897474
1895-12-01,228.7,77.55341880341882,-10.575551793072634
1896-01-01,9.9,-115.36848739495802,-204.58991548061914
1896-02-01,10.6,-100.83983050847462,-185.72111040128993
1896-03-01,31.1,-84.5610169491525,-176.0495276512687
1896-04-01,19.2,-73.63534482758618,-133.50163802407522
1896-05-01,49.4,-38.01782608695654,-97.65523016224574
1896-06-01,103.0,38.47068965517239,-7.435090476793292
1896-07-01,186.6,149.60862068965517,112.9462643284013
1896-08-01,258.2,205.97652173913042,150.85395107522402
1896-09-01,130.0,20.442105263157856,-47.69180396562439
1896-10-01,259.3,91.32850877192979,-16.22667697524639
1896-11-01,221.4,51.21594827586219,-58.926634589747394
1896-12-01,244.7,93.55341880341882,5.424448206927366
1897-01-01,129.9,4.631512605041976,-84.58991548061914
1897-02-01,30.7,-80.73983050847461,-165.62111040128994
1897-03-01,137.6,21.938983050847483,-69.54952765126873
1897-04-01,76.0,-16.835344827586184,-76.70163802407521
1897-05-01,152.4,64.98217391304347,5.344769837754271
1897-06-01,42.0,-22.529310344827607,-68.43509047679329
1897-07-01,48.0,11.008620689655174,-25.653735671598696
1897-08-01,29.6,-22.623478260869568,-77.74604892477598
1897-09-01,98.0,-11.557894736842144,-79.69180396562439
1897-10-01,78.1,-89.87149122807023,-197.4266769752464
1897-11-01,44.0,-126.18405172413782,-236.3266345897474
1897-12-01,131.8,-19.346581196581155,-107.47555179307261
1898-01-01,25.2,-100.06848739495803,-189.28991548061913
1898-02-01,70.0,-41.439830508474614,-126.32111040128994
1898-03-01,165.1,49.43898305084748,-42.04952765126873
1898-04-01,217.8,124.96465517241383,65.0983619759248
1898-05-01,90.8,3.3821739130434594,-56.25523016224574
1898-06-01,67.0,2.470689655172393,-43.43509047679329
1898-07-01,89.3,52.30862068965517,15.646264328401301
1898-08-01,14.7,-37.52347826086957,-92.64604892477598
1898-09-01,78.3,-31.257894736842147,-99.39180396562439
1898-10-01,,,
1898-11-01,472.5,302.3159482758622,192.1733654102526
1898-12-01,129.5,-21.646581196581167,-109.77555179307262
1899-01-01,100.6,-24.668487394958035,-113.88991548061915
1899-02-01,47.4,-64.03983050847461,-148.92111040128992
1899-03-01,138.0,22.33898305084749,-69.14952765126873
1899-04-01,112.3,19.464655172413813,-40.40163802407522
1899-05-01,62.0,-25.417826086956538,-85.05523016224573
1899-06-01,108.6,44.07068965517239,-1.8350904767932974
1899-07-01,46.4,9.408620689655173,-27.253735671598697
1899-08-01,33.5,-18.72347826086957,-73.84604892477597
1899-09-01,74.3,-35.25789473684215,-103.39180396562439
1899-10-01,156.1,-11.871491228070226,-119.42667697524641
1899-11-01,52.3,-117.88405172413782,-228.0266345897474
1899-12-01,65.4,-85.74658119658116,-173.87555179307262
1900-01-01,176.6,51.331512605041965,-37.88991548061915
1900-02-01,131.1,19.66016949152538,-65.22111040128995
1900-03-01,230.1,114.43898305084748,22.950472348731267
1900-04-01,75.2,-17.63534482758618,-77.50163802407522
1900-05-01,132.5,45.08217391304346,-14.555230162245735
1900-06-01,58.0,-6.529310344827607,-52.43509047679329
1900-07-01,35.8,-1.1913793103448285,-37.8537356715987
1900-08-01,39.7,-12.523478260869567,-67.64604892477598
1900-09-01,196.0,86.44210526315786,18.308196034375612
1900-10-01,197.2,29.228508771929768,-78.32667697524641
1900-11-01,489.2,319.0159482758622,208.87336541025257
1900-12-01,68.0,-83.14658119658117,-171.27555179307262
1901-01-01,45.6,-79.66848739495802,-168.88991548061915
1901-02-01,118.6,7.16016949152538,-77.72111040128995
1901-03-01,602.3,486.63898305084746,395.1504723487312
1901-04-01,69.2,-23.63534482758618,-83.50163802407522
1901-05-01,143.6,56.18217391304346,-3.4552301622457406
1901-06-01,68.6,4.070689655172387,-41.8350904767933
1901-07-01,,,
1901-08-01,,,
1901-09-01,,,
1901-10-01,,,
1901-11-01,,,
1901-12-01,,,
1902-01-01,30.0,-95.26848739495803,-184.48991548061915
1902-02-01,128.8,17.360169491525397,-67.52111040128993
1902-03-01,217.5,101.83898305084749,10.350472348731273
1902-04-01,72.4,-20.435344827586178,-80.3016380240752
1902-05-01,56.5,-30.917826086956538,-90.55523016224573
1902-06-01,9.1,-55.429310344827606,-101.33509047679328
1902-07-01,66.1,29.10862068965517,-7.553735671598702
1902-08-01,34.3,-17.923478260869572,-73.04604892477599
1902-09-01,187.1,77.54210526315785,9.408196034375607
1902-10-01,141.5,-26.47149122807022,-134.0266769752464
1902-11-01,335.4,165.21594827586216,55.07336541025258
1902-12-01,51.3,-99.84658119658117,-187.9755517930726
1903-01-01,76.9,-48.368487394958024,-137.58991548061914
1903-02-01,22.6,-88.83983050847462,-173.72111040128993
1903-03-01,117.4,1.7389830508474944,-89.74952765126872
1903-04-01,49.3,-43.53534482758619,-103.40163802407523
1903-05-01,121.3,33.88217391304346,-25.755230162245738
1903-06-01,182.3,117.7706896551724,71.86490952320672
1903-07-01,8.3,-28.691379310344825,-65.3537356715987
1903-08-01,0.8,-51.42347826086957,-106.54604892477599
1903-09-01,64.0,-45.557894736842144,-113.69180396562439
1903-10-01,169.0,1.0285087719297792,-106.5266769752464
1903-11-01,97.2,-72.98405172413781,-183.1266345897474
1903-12-01,168.1,16.953418803418828,-71.17555179307263
1904-01-01,103.7,-21.568487394958026,-110.78991548061914
1904-02-01,199.7,88.26016949152537,3.378889598710046
1904-03-01,168.0,52.33898305084749,-39.14952765126873
1904-04-01,27.7,-65.13534482758618,-125.00163802407522
1904-05-01,6.2,-81.21782608695653,-140.85523016224573
1904-06-01,12.1,-52.429310344827606,-98.33509047679328
1904-07-01,10.2,-26.791379310344826,-63.45373567159869
1904-08-01,36.4,-15.823478260869571,-70.94604892477598
1904-09-01,148.5,38.942105263157856,-29.191803965624388
1904-10-01,8.9,-159.07149122807022,-266.62667697524637
1904-11-01,166.8,-3.384051724137805,-113.52663458974739
1904-12-01,140.8,-10.346581196581155,-98.47555179307261
1905-01-01,43.1,-82.16848739495802,-171.38991548061915
1905-02-01,59.7,-51.73983050847461,-136.62111040128994
1905-03-01,67.3,-48.361016949152514,-139.84952765126872
1905-04-01,104.5,11.664655172413816,-48.201638024075216
1905-05-01,116.8,29.38217391304346,-30.255230162245738
1905-06-01,141.6,77.07068965517239,31.164909523206703
1905-07-01,99.2,62.20862068965518,25.546264328401307
1905-08-01,61.6,9.376521739130432,-45.74604892477598
1905-09-01,100.2,-9.357894736842141,-77.49180396562438
1905-10-01,128.6,-39.37149122807023,-146.9266769752464
1905-11-01,399.4,229.21594827586216,119.07336541025258
1905-12-01,48.1,-103.04658119658117,-191.17555179307263
1906-01-01,60.2,-65.06848739495803,-154.28991548061913
1906-02-01,76.9,-34.53983050847461,-119.42111040128994
1906-03-01,109.9,-5.761016949152506,-97.24952765126872
1906-04-01,83.5,-9.335344827586184,-69.20163802407521
1906-05-01,89.3,1.8821739130434594,-57.75523016224574
1906-06-01,14.9,-49.62931034482761,-95.5350904767933
1906-07-01,71.9,34.90862068965518,-1.7537356715986903
1906-08-01,0.0,-52.22347826086957,-107.34604892477597
1906-09-01,66.0,-43.557894736842144,-111.69180396562439
1906-10-01,152.9,-15.071491228070215,-122.6266769752464
1906-11-01,402.0,231.81594827586218,121.6733654102526
1906-12-01,70.0,-81.14658119658117,-169.27555179307262
1907-01-01,126.8,1.5315126050419678,-87.68991548061915
1907-02-01,56.0,-55.439830508474614,-140.32111040128996
1907-03-01,22.3,-93.36101694915251,-184.84952765126872
1907-04-01,108.8,15.964655172413813,-43.90163802407522
1907-05-01,42.3,-45.11782608695654,-104.75523016224574
1907-06-01,30.3,-34.22931034482761,-80.1350904767933
1907-07-01,28.1,-8.891379310344824,-45.553735671598695
1907-08-01,0.3,-51.92347826086957,-107.04604892477599
1907-09-01,100.5,-9.057894736842144,-77.19180396562439
1907-10-01,588.2,420.2285087719298,312.6733230247536
1907-11-01,72.3,-97.88405172413782,-208.0266345897474
1907-12-01,216.8,65.65341880341884,-22.47555179307261
1908-01-01,13.1,-112.16848739495803,-201.38991548061915
1908-02-01,23.8,-87.63983050847462,-172.52111040128995
1908-03-01,169.9,54.238983050847494,-37.24952765126872
1908-04-01,123.4,30.564655172413822,-29.30163802407521
1908-05-01,112.0,24.582173913043462,-35.055230162245735
1908-06-01,56.3,-8.22931034482761,-54.135090476793295
1908-07-01,47.8,10.808620689655172,-25.8537356715987
1908-08-01,44.0,-8.22347826086957,-63.34604892477598
1908-09-01,47.8,-61.75789473684215,-129.89180396562438
1908-10-01,102.7,-65.27149122807022,-172.82667697524641
1908-11-01,64.9,-105.28405172413781,-215.42663458974738
1908-12-01,126.2,-24.946581196581164,-113.07555179307262
1909-01-01,98.4,-26.868487394958024,-116.08991548061914
1909-02-01,46.0,-65.43983050847461,-150.32111040128996
1909-03-01,234.7,119.03898305084748,27.55047234873126
1909-04-01,17.9,-74.93534482758619,-134.80163802407523
1909-05-01,44.0,-43.41782608695654,-103.05523016224573
1909-06-01,164.6,100.07068965517239,54.1649095232067
1909-07-01,63.8,26.80862068965517,-9.853735671598699
1909-08-01,64.7,12.476521739130433,-42.646048924775975
1909-09-01,38.8,-70.75789473684215,-138.89180396562438
1909-10-01,166.1,-1.8714912280702265,-109.42667697524641
1909-11-01,64.3,-105.88405172413782,-216.0266345897474
1909-12-01,391.2,240.05341880341882,151.92444820692737
1910-01-01,141.9,16.631512605041976,-72.58991548061914
1910-02-01,96.7,-14.739830508474611,-99.62111040128994
1910-03-01,43.1,-72.5610169491525,-164.0495276512687
1910-04-01,95.1,2.2646551724138106,-57.60163802407522
1910-05-01,38.1,-49.317826086956536,-108.95523016224573
1910-06-01,66.5,1.970689655172393,-43.93509047679329
1910-07-01,13.3,-23.691379310344825,-60.3537356715987
1910-08-01,67.8,15.576521739130428,-39.54604892477598
1910-09-01,105.5,-4.057894736842144,-72.19180396562439
1910-10-01,96.1,-71.87149122807023,-179.4266769752464
1910-11-01,302.3,132.1159482758622,21.97336541025261
1910-12-01,262.7,111.55341880341882,23.424448206927366
1911-01-01,14.6,-110.66848739495803,-199.88991548061915
1911-02-01,27.6,-83.83983050847462,-168.72111040128993
1911-03-01,171.3,55.6389830508475,-35.849527651268716
1911-04-01,69.6,-23.23534482758619,-83.10163802407521
1911-05-01,122.7,35.282173913043465,-24.355230162245732
1911-06-01,205.2,140.6706896551724,94.76490952320671
1911-07-01,4.2,-32.79137931034482,-69.4537356715987
1911-08-01,38.7,-13.523478260869567,-68.64604892477598
1911-09-01,152.8,43.24210526315787,-24.891803965624376
1911-10-01,108.0,-59.97149122807022,-167.5266769752464
1911-11-01,273.7,103.51594827586217,-6.626634589747411
1911-12-01,160.0,8.853418803418833,-79.27555179307262
1912-01-01,162.2,36.93151260504196,-52.28991548061916
1912-02-01,296.0,184.5601694915254,99.67888959871006
1912-03-01,167.1,51.43898305084748,-40.04952765126873
1912-04-01,78.6,-14.23534482758619,-74.10163802407521
1912-05-01,62.8,-24.61782608695654,-84.25523016224574
1912-06-01,92.2,27.670689655172396,-18.23509047679329
1912-07-01,40.8,3.8086206896551715,-32.8537356715987
1912-08-01,61.3,9.076521739130428,-46.04604892477598
1912-09-01,121.0,11.442105263157856,-56.69180396562439
1912-10-01,169.7,1.7285087719297678,-105.82667697524641
1912-11-01,107.2,-62.984051724137814,-173.1266345897474
1912-12-01,117.0,-34.14658119658117,-122.27555179307262
1913-01-01,96.6,-28.668487394958035,-117.88991548061915
1913-02-01,18.5,-92.93983050847461,-177.82111040128996
1913-03-01,156.4,40.738983050847494,-50.74952765126872
1913-04-01,235.8,142.9646551724138,83.09836197592477
1913-05-01,25.4,-62.01782608695654,-121.65523016224574
1913-06-01,70.8,6.27068965517239,-39.635090476793295
1913-07-01,46.0,9.008620689655174,-27.653735671598696
1913-08-01,7.6,-44.62347826086957,-99.74604892477598
1913-09-01,257.0,147.44210526315786,79.30819603437561
1913-10-01,185.8,17.82850877192979,-89.72667697524639
1913-11-01,186.0,15.815948275862183,-94.3266345897474
1913-12-01,36.0,-115.14658119658117,-203.27555179307262
1914-01-01,32.5,-92.76848739495803,-181.98991548061915
1914-02-01,167.1,55.66016949152538,-29.22111040128995
1914-03-01,255.5,139.8389830508475,48.35047234873129
1914-04-01,16.4,-76.43534482758619,-136.30163802407523
1914-05-01,161.6,74.18217391304346,14.54476983775426
1914-06-01,61.5,-3.029310344827607,-48.93509047679329
1914-07-01,16.8,-20.191379310344825,-56.8537356715987
1914-08-01,61.6,9.376521739130432,-45.74604892477598
1914-09-01,75.0,-34.557894736842144,-102.69180396562439
1914-10-01,369.5,201.52850877192978,93.9733230247536
1914-11-01,68.3,-101.88405172413782,-212.0266345897474
1914-12-01,248.6,97.45341880341883,9.324448206927372
1915-01-01,173.0,47.73151260504197,-41.489915480619146
1915-02-01,296.4,184.96016949152536,100.07888959871003
1915-03-01,149.5,33.83898305084749,-57.64952765126873
1915-04-01,62.7,-30.13534482758618,-90.00163802407522
1915-05-01,197.4,109.98217391304347,50.34476983775427
1915-06-01,193.3,128.77068965517242,82.86490952320673
1915-07-01,35.9,-1.091379310344827,-37.7537356715987
1915-08-01,9.7,-42.52347826086957,-97.64604892477598
1915-09-01,94.0,-15.557894736842144,-83.69180396562439
1915-10-01,65.7,-102.27149122807022,-209.82667697524641
1915-11-01,256.4,86.21594827586216,-23.926634589747422
1915-12-01,329.0,177.85341880341883,89.72444820692738
1916-01-01,,,
1916-02-01,,,
1916-03-01,,,
1916-04-01,,,
1916-05-01,,,
1916-06-01,,,
1916-07-01,,,
1916-08-01,,,
1916-09-01,,,
1916-10-01,,,
1916-11-01,,,
1916-12-01,,,
1917-01-01,,,
1917-02-01,,,
1917-03-01,,,
1917-04-01,,,
1917-05-01,,,
1917-06-01,,,
1917-07-01,,,
1917-08-01,,,
1917-09-01,,,
1917-10-01,,,
1917-11-01,,,
1917-12-01,,,
1918-01-01,,,
1918-02-01,,,
1918-03-01,,,
1918-04-01,,,
1918-05-01,,,
1918-06-01,,,
1918-07-01,,,
1918-08-01,,,
1918-09-01,,,
1918-10-01,,,
1918-11-01,,,
1918-12-01,,,
1919-01-01,,,
1919-02-01,,,
1919-03-01,,,
1919-04-01,,,
1919-05-01,,,
1919-06-01,,,
1919-07-01,,,
1919-08-01,,,
1919-09-01,,,
1919-10-01,,,
1919-11-01,,,
1919-12-01,,,
1920-01-01,322.9,197.63151260504196,108.41008451938085
1920-02-01,183.4,71.96016949152539,-12.921110401289937
1920-03-01,238.7,123.03898305084748,31.55047234873126
1920-04-01,189.9,97.06465517241382,37.19836197592479
1920-05-01,14.4,-73.01782608695653,-132.65523016224574
1920-06-01,0.0,-64.5293103448276,-110.43509047679329
1920-07-01,,,
1920-08-01,,,
1920-09-01,,,
1920-10-01,,,
1920-11-01,,,
1920-12-01,79.8,-71.34658119658117,-159.4755517930726
1921-01-01,55.7,-69.56848739495803,-158.78991548061913
1921-02-01,,,
1921-03-01,,,
1921-04-01,,,
1921-05-01,166.8,79.38217391304347,19.744769837754276
1921-06-01,65.0,0.4706896551723929,-45.43509047679329
1921-07-01,30.7,-6.291379310344826,-42.95373567159869
1921-08-01,75.9,23.676521739130436,-31.446048924775972
1921-09-01,28.7,-80.85789473684214,-148.9918039656244
1921-10-01,36.7,-131.2714912280702,-238.8266769752464
1921-11-01,23.6,-146.58405172413782,-256.7266345897474
1921-12-01,27.4,-123.74658119658116,-211.87555179307262
1922-01-01,71.4,-53.868487394958024,-143.08991548061914
1922-02-01,75.4,-36.03983050847461,-120.92111040128994
1922-03-01,165.9,50.238983050847494,-41.24952765126872
1922-04-01,146.0,53.164655172413816,-6.701638024075216
1922-05-01,39.8,-47.61782608695654,-107.25523016224574
1922-06-01,26.9,-37.62931034482761,-83.5350904767933
1922-07-01,0.0,-36.991379310344826,-73.6537356715987
1922-08-01,47.3,-4.923478260869572,-60.04604892477598
1922-09-01,193.8,84.24210526315787,16.108196034375624
1922-10-01,245.8,77.82850877192979,-29.72667697524639
1922-11-01,89.7,-80.48405172413781,-190.6266345897474
1922-12-01,337.5,186.35341880341883,98.22444820692738
1923-01-01,17.5,-107.76848739495803,-196.98991548061915
1923-02-01,211.6,100.16016949152538,15.278889598710052
1923-03-01,33.9,-81.76101694915252,-173.24952765126875
1923-04-01,,,
1923-05-01,31.4,-56.01782608695654,-115.65523016224574
1923-06-01,51.8,-12.72931034482761,-58.635090476793295
1923-07-01,0.5,-36.491379310344826,-73.1537356715987
1923-08-01,32.0,-20.22347826086957,-75.34604892477597
1923-09-01,144.6,35.04210526315785,-33.09180396562439
1923-10-01,17.6,-150.37149122807023,-257.92667697524644
1923-11-01,279.6,109.4159482758622,-0.7266345897473769
1923-12-01,114.9,-36.24658119658116,-124.37555179307262
1924-01-01,155.4,30.131512605041976,-59.08991548061914
1924-02-01,93.6,-17.83983050847462,-102.72111040128995
1924-03-01,115.2,-0.46101694915250846,-91.94952765126872
1924-04-01,59.2,-33.63534482758618,-93.50163802407522
1924-05-01,87.1,-0.31782608695654346,-59.95523016224574
1924-06-01,59.4,-5.1293103448276085,-51.03509047679329
1924-07-01,37.5,0.5086206896551744,-36.153735671598696
1924-08-01,,,
1924-09-01,0.0,-109.55789473684214,-177.6918039656244
1924-10-01,157.2,-10.771491228070232,-118.32667697524641
1924-11-01,18.4,-151.7840517241378,-261.9266345897474
1924-12-01,106.2,-44.946581196581164,-133.07555179307263
1925-01-01,80.9,-44.368487394958024,-133.58991548061914
1925-02-01,203.7,92.26016949152537,7.378889598710046
1925-03-01,68.9,-46.761016949152506,-138.24952765126872
1925-04-01,67.4,-25.435344827586178,-85.3016380240752
1925-05-01,57.3,-30.11782608695654,-89.75523016224574
1925-06-01,44.1,-20.429310344827606,-66.33509047679328
1925-07-01,21.2,-15.791379310344826,-52.45373567159869
1925-08-01,22.4,-29.82347826086957,-84.94604892477598
1925-09-01,,,
1925-10-01,30.1,-137.87149122807023,-245.4266769752464
1925-11-01,168.9,-1.2840517241378109,-111.4266345897474
1925-12-01,150.6,-0.5465811965811724,-88.67555179307263
1926-01-01,145.5,20.23151260504197,-68.98991548061915
1926-02-01,188.1,76.66016949152538,-8.221110401289948
1926-03-01,43.2,-72.46101694915251,-163.94952765126874
1926-04-01,91.0,-1.8353448275861837,-61.701638024075216
1926-05-01,147.5,60.08217391304346,0.44476983775426504
1926-06-01,56.2,-8.329310344827604,-54.23509047679329
1926-07-01,8.0,-28.991379310344826,-65.6537356715987
1926-08-01,17.0,-35.22347826086957,-90.34604892477597
1926-09-01,,,
1926-10-01,149.1,-18.871491228070226,-126.42667697524641
1926-11-01,318.4,148.21594827586216,38.07336541025258
1926-12-01,111.4,-39.74658119658116,-127.87555179307262
1927-01-01,173.2,47.93151260504196,-41.28991548061916
1927-02-01,128.8,17.360169491525397,-67.52111040128993
1927-03-01,177.0,61.33898305084749,-30.149527651268727
1927-04-01,17.6,-75.23534482758618,-135.1016380240752
1927-05-01,47.3,-40.11782608695654,-99.75523016224574
1927-06-01,24.8,-39.72931034482761,-85.6350904767933
1927-07-01,9.8,-27.191379310344825,-63.8537356715987
1927-08-01,0.9,-51.32347826086957,-106.44604892477598
1927-09-01,164.3,54.74210526315787,-13.391803965624376
1927-10-01,99.6,-68.37149122807023,-175.9266769752464
1927-11-01,149.3,-20.884051724137805,-131.0266345897474
1927-12-01,229.2,78.05341880341882,-10.075551793072634
1928-01-01,86.7,-38.56848739495803,-127.78991548061914
1928-02-01,25.8,-85.63983050847462,-170.52111040128995
1928-03-01,180.1,64.43898305084748,-27.049527651268733
1928-04-01,80.4,-12.435344827586178,-72.3016380240752
1928-05-01,37.8,-49.61782608695654,-109.25523016224574
1928-06-01,20.0,-44.52931034482761,-90.43509047679329
1928-07-01,24.1,-12.891379310344824,-49.553735671598695
1928-08-01,24.0,-28.22347826086957,-83.34604892477597
1928-09-01,243.5,133.94210526315786,65.80819603437561
1928-10-01,176.2,8.228508771929768,-99.32667697524641
1928-11-01,243.7,73.51594827586217,-36.62663458974741
1928-12-01,68.2,-82.94658119658116,-171.07555179307263
1929-01-01,121.5,-3.7684873949580293,-92.98991548061915
1929-02-01,2.8,-108.63983050847462,-193.52111040128995
1929-03-01,0.0,-115.66101694915251,-207.14952765126873
1929-04-01,14.6,-78.23534482758619,-138.1016380240752
1929-05-01,,,
1929-06-01,,,
1929-07-01,,,
1929-08-01,,,
1929-09-01,,,
1929-10-01,,,
1929-11-01,,,
1929-12-01,,,
1930-01-01,,,
1930-02-01,,,
1930-03-01,,,
1930-04-01,,,
1930-05-01,,,
1930-06-01,,,
1930-07-01,,,
1930-08-01,,,
1930-09-01,,,
1930-10-01,,,
1930-11-01,,,
1930-12-01,,,
1931-01-01,,,
1931-02-01,,,
1931-03-01,,,
1931-04-01,,,
1931-05-01,,,
1931-06-01,,,
1931-07-01,,,
1931-08-01,,,
1931-09-01,,,
1931-10-01,,,
1931-11-01,,,
1931-12-01,,,
1932-01-01,65.1,-60.168487394958035,-149.38991548061915
1932-02-01,13.5,-97.93983050847461,-182.82111040128996
1932-03-01,198.0,82.33898305084749,-9.149527651268727
1932-04-01,48.2,-44.63534482758618,-104.50163802407522
1932-05-01,187.5,100.08217391304346,40.444769837754265
1932-06-01,58.9,-5.6293103448276085,-51.53509047679329
1932-07-01,143.6,106.60862068965517,69.9462643284013
1932-08-01,2.9,-49.32347826086957,-104.44604892477598
1932-09-01,176.8,67.24210526315787,-0.8918039656243764
1932-10-01,158.7,-9.271491228070232,-116.82667697524641
1932-11-01,89.7,-80.48405172413781,-190.6266345897474
1932-12-01,151.4,0.25341880341883893,-87.87555179307262
1933-01-01,150.2,24.93151260504196,-64.28991548061916
1933-02-01,52.8,-58.63983050847462,-143.52111040128995
1933-03-01,124.1,8.438983050847483,-83.04952765126873
1933-04-01,46.0,-46.835344827586184,-106.70163802407521
1933-05-01,104.7,17.282173913043465,-42.35523016224573
1933-06-01,117.6,53.07068965517239,7.164909523206703
1933-07-01,15.8,-21.191379310344825,-57.8537356715987
1933-08-01,1.0,-51.22347826086957,-106.34604892477597
1933-09-01,40.3,-69.25789473684215,-137.39180396562438
1933-10-01,219.2,51.22850877192977,-56.326676975246414
1933-11-01,129.0,-41.18405172413782,-151.3266345897474
1933-12-01,158.1,6.953418803418828,-81.17555179307263
1934-01-01,97.6,-27.668487394958035,-116.88991548061915
1934-02-01,59.8,-51.63983050847462,-136.52111040128995
1934-03-01,229.8,114.1389830508475,22.650472348731284
1934-04-01,109.6,16.76465517241381,-43.10163802407522
1934-05-01,54.2,-33.217826086956535,-92.85523016224573
1934-06-01,47.9,-16.62931034482761,-62.53509047679329
1934-07-01,4.7,-32.29137931034482,-68.9537356715987
1934-08-01,44.3,-7.923478260869572,-63.04604892477598
1934-09-01,62.9,-46.657894736842145,-114.79180396562438
1934-10-01,201.2,33.22850877192977,-74.32667697524641
1934-11-01,343.5,173.31594827586218,63.1733654102526
1934-12-01,287.5,136.35341880341883,48.22444820692738
1935-01-01,71.4,-53.868487394958024,-143.08991548061914
1935-02-01,76.4,-35.03983050847461,-119.92111040128994
1935-03-01,40.4,-75.26101694915252,-166.74952765126875
1935-04-01,74.8,-18.035344827586187,-77.90163802407523
1935-05-01,115.4,27.982173913043468,-31.65523016224573
1935-06-01,14.6,-49.929310344827606,-95.83509047679328
1935-07-01,10.8,-26.191379310344825,-62.8537356715987
1935-08-01,59.6,7.376521739130432,-47.74604892477598
1935-09-01,40.8,-68.75789473684215,-136.89180396562438
1935-10-01,239.2,71.22850877192977,-36.326676975246414
1935-11-01,249.8,79.6159482758622,-30.52663458974739
1935-12-01,234.4,83.25341880341884,-4.875551793072617
1936-01-01,260.2,134.93151260504197,45.71008451938086
1936-02-01,176.2,64.76016949152537,-20.121110401289954
1936-03-01,144.2,28.538983050847477,-62.94952765126874
1936-04-01,211.0,118.16465517241382,58.298361975924784
1936-05-01,159.6,72.18217391304346,12.54476983775426
1936-06-01,38.4,-26.12931034482761,-72.0350904767933
1936-07-01,37.6,0.6086206896551758,-36.053735671598695
1936-08-01,14.0,-38.22347826086957,-93.34604892477597
1936-09-01,96.2,-13.357894736842141,-81.49180396562438
1936-10-01,146.0,-21.97149122807022,-129.5266769752464
1936-11-01,78.2,-91.98405172413781,-202.1266345897474
1936-12-01,40.2,-110.94658119658116,-199.07555179307263
1937-01-01,189.6,64.33151260504197,-24.889915480619152
1937-02-01,105.4,-6.0398305084746085,-90.92111040128994
1937-03-01,308.6,192.93898305084753,101.45047234873131
1937-04-01,150.2,57.364655172413805,-2.501638024075227
1937-05-01,81.6,-5.8178260869565435,-65.45523016224574
1937-06-01,60.6,-3.9293103448276057,-49.83509047679329
1937-07-01,22.6,-14.391379310344824,-51.053735671598695
1937-08-01,84.8,32.57652173913043,-22.54604892477598
1937-09-01,169.4,59.84210526315786,-8.291803965624382
1937-10-01,193.2,25.228508771929768,-82.32667697524641
1937-11-01,152.0,-18.184051724137817,-128.3266345897474
1937-12-01,183.8,32.653418803418845,-55.47555179307261
1938-01-01,67.4,-57.868487394958024,-147.08991548061914
1938-02-01,14.6,-96.83983050847462,-181.72111040128993
1938-03-01,7.5,-108.16101694915251,-199.64952765126873
1938-04-01,46.8,-46.03534482758619,-105.90163802407523
1938-05-01,124.8,37.38217391304346,-22.255230162245738
1938-06-01,38.0,-26.529310344827607,-72.43509047679329
1938-07-01,10.6,-26.391379310344824,-63.053735671598695
1938-08-01,32.4,-19.82347826086957,-74.94604892477598
1938-09-01,148.2,38.642105263157845,-29.4918039656244
1938-10-01,104.4,-63.571491228070215,-171.1266769752464
1938-11-01,100.8,-69.38405172413782,-179.5266345897474
1938-12-01,88.6,-62.54658119658117,-150.67555179307263
1939-01-01,231.8,106.53151260504198,17.310084519380865
1939-02-01,21.0,-90.43983050847461,-175.32111040128996
1939-03-01,49.0,-66.66101694915251,-158.14952765126873
1939-04-01,60.6,-32.23534482758618,-92.10163802407521
1939-05-01,171.0,83.58217391304346,23.944769837754265
1939-06-01,18.8,-45.72931034482761,-91.6350904767933
1939-07-01,4.4,-32.59137931034483,-69.25373567159869
1939-08-01,87.2,34.97652173913043,-20.146048924775975
1939-09-01,116.2,6.642105263157859,-61.491803965624385
1939-10-01,214.6,46.62850877192977,-60.92667697524641
1939-11-01,81.2,-88.98405172413781,-199.1266345897474
1939-12-01,145.4,-5.746581196581161,-93.87555179307262
1940-01-01,23.0,-102.26848739495803,-191.48991548061915
1940-02-01,145.0,33.560169491525386,-51.32111040128994
1940-03-01,60.8,-54.861016949152514,-146.34952765126872
1940-04-01,13.4,-79.43534482758618,-139.3016380240752
1940-05-01,142.6,55.18217391304346,-4.455230162245741
1940-06-01,137.8,73.2706896551724,27.36490952320672
1940-07-01,68.8,31.80862068965517,-4.853735671598699
1940-08-01,17.4,-34.82347826086957,-89.94604892477598
1940-09-01,19.0,-90.55789473684214,-158.6918039656244
1940-10-01,179.6,11.628508771929774,-95.92667697524641
1940-11-01,224.2,54.01594827586217,-56.12663458974741
1940-12-01,2.0,-149.14658119658117,-237.27555179307262
1941-01-01,187.8,62.53151260504198,-26.689915480619135
1941-02-01,226.6,115.16016949152538,30.27888959871005
1941-03-01,126.0,10.338983050847489,-81.14952765126873
1941-04-01,148.4,55.56465517241382,-4.30163802407521
1941-05-01,293.2,205.78217391304344,146.14476983775424
1941-06-01,81.8,17.27068965517239,-28.635090476793295
1941-07-01,21.0,-15.991379310344826,-52.653735671598696
1941-08-01,7.0,-45.22347826086957,-100.34604892477597
1941-09-01,59.3,-50.25789473684215,-118.39180396562439
1941-10-01,105.9,-62.071491228070215,-169.6266769752464
1941-11-01,109.9,-60.28405172413781,-170.42663458974738
1941-12-01,72.2,-78.94658119658116,-167.07555179307263
1942-01-01,59.6,-65.66848739495802,-154.88991548061915
1942-02-01,77.6,-33.83983050847462,-118.72111040128995
1942-03-01,99.0,-16.66101694915251,-108.14952765126873
1942-04-01,82.6,-10.23534482758619,-70.10163802407521
1942-05-01,84.0,-3.417826086956538,-63.055230162245735
1942-06-01,107.4,42.8706896551724,-3.035090476793286
1942-07-01,30.6,-6.391379310344824,-43.053735671598695
1942-08-01,17.0,-35.22347826086957,-90.34604892477597
1942-09-01,142.0,32.442105263157856,-35.69180396562439
1942-10-01,96.6,-71.37149122807023,-178.9266769752464
1942-11-01,51.2,-118.98405172413781,-229.1266345897474
1942-12-01,224.0,72.85341880341883,-15.275551793072623
1943-01-01,126.2,0.9315126050419735,-88.28991548061914
1943-02-01,75.2,-36.23983050847461,-121.12111040128994
1943-03-01,27.0,-88.66101694915251,-180.14952765126873
1943-04-01,37.8,-55.03534482758619,-114.90163802407523
1943-05-01,69.7,-17.717826086956535,-77.35523016224573
1943-06-01,5.7,-58.829310344827604,-104.73509047679329
1943-07-01,34.0,-2.9913793103448256,-39.653735671598696
1943-08-01,23.8,-28.42347826086957,-83.54604892477597
1943-09-01,93.7,-15.857894736842141,-83.99180396562438
1943-10-01,91.2,-76.77149122807022,-184.32667697524641
1943-11-01,102.0,-68.18405172413782,-178.3266345897474
1943-12-01,178.0,26.853418803418833,-61.27555179307262
1944-01-01,63.0,-62.26848739495803,-151.48991548061915
1944-02-01,80.4,-31.03983050847461,-115.92111040128994
1944-03-01,35.0,-80.66101694915251,-172.14952765126873
1944-04-01,33.0,-59.835344827586184,-119.70163802407521
1944-05-01,59.4,-28.01782608695654,-87.65523016224574
1944-06-01,49.4,-15.129310344827609,-61.03509047679329
1944-07-01,41.0,4.008620689655174,-32.653735671598696
1944-08-01,46.8,-5.423478260869572,-60.54604892477598
1944-09-01,59.2,-50.35789473684214,-118.49180396562438
1944-10-01,151.8,-16.17149122807021,-123.72667697524639
1944-11-01,76.4,-93.78405172413781,-203.92663458974738
1944-12-01,75.4,-75.74658119658116,-163.87555179307262
1945-01-01,65.2,-60.06848739495803,-149.28991548061913
1945-02-01,38.8,-72.63983050847462,-157.52111040128995
1945-03-01,22.6,-93.0610169491525,-184.5495276512687
1945-04-01,,,
1945-05-01,,,
1945-06-01,0.0,-64.5293103448276,-110.43509047679329
1945-07-01,0.0,-36.991379310344826,-73.6537356715987
1945-08-01,31.8,-20.42347826086957,-75.54604892477597
1945-09-01,14.8,-94.75789473684215,-162.89180396562438
1945-10-01,89.8,-78.17149122807022,-185.7266769752464
1945-11-01,31.8,-138.3840517241378,-248.5266345897474
1945-12-01,115.1,-36.04658119658117,-124.17555179307263
1946-01-01,51.9,-73.36848739495804,-162.58991548061914
1946-02-01,7.0,-104.43983050847461,-189.32111040128996
1946-03-01,162.6,46.93898305084748,-44.54952765126873
1946-04-01,55.8,-37.03534482758619,-96.90163802407523
1946-05-01,167.0,79.58217391304346,19.944769837754265
1946-06-01,46.4,-18.12931034482761,-64.0350904767933
1946-07-01,24.2,-12.791379310344826,-49.45373567159869
1946-08-01,19.8,-32.42347826086957,-87.54604892477599
1946-09-01,16.6,-92.95789473684215,-161.0918039656244
1946-10-01,24.6,-143.37149122807023,-250.9266769752464
1946-11-01,90.4,-79.78405172413781,-189.92663458974738
1946-12-01,41.0,-110.14658119658117,-198.27555179307262
1947-01-01,84.6,-40.668487394958035,-129.88991548061915
1947-02-01,356.9,245.46016949152536,160.57888959871002
1947-03-01,184.0,68.33898305084749,-23.149527651268727
1947-04-01,53.7,-39.13534482758618,-99.00163802407522
1947-05-01,82.9,-4.517826086956532,-64.15523016224573
1947-06-01,15.6,-48.929310344827606,-94.83509047679328
1947-07-01,1.6,-35.391379310344824,-72.0537356715987
1947-08-01,23.0,-29.22347826086957,-84.34604892477597
1947-09-01,245.0,135.44210526315786,67.30819603437561
1947-10-01,162.0,-5.971491228070221,-113.5266769752464
1947-11-01,71.9,-98.28405172413781,-208.42663458974738
1947-12-01,128.7,-22.446581196581178,-110.57555179307263
1948-01-01,240.3,115.03151260504198,25.810084519380865
1948-02-01,23.1,-88.33983050847462,-173.22111040128993
1948-03-01,0.0,-115.66101694915251,-207.14952765126873
1948-04-01,78.6,-14.23534482758619,-74.10163802407521
1948-05-01,102.8,15.38217391304346,-44.25523016224574
1948-06-01,34.7,-29.829310344827604,-75.73509047679329
1948-07-01,52.2,15.208620689655177,-21.453735671598693
1948-08-01,50.0,-2.2234782608695696,-57.34604892477598
1948-09-01,131.4,21.842105263157862,-46.29180396562438
1948-10-01,239.5,71.52850877192978,-36.0266769752464
1948-11-01,72.6,-97.58405172413782,-207.7266345897474
1948-12-01,137.0,-14.146581196581167,-102.27555179307262
1949-01-01,108.0,-17.26848739495803,-106.48991548061915
1949-02-01,11.6,-99.83983050847462,-184.72111040128993
1949-03-01,152.0,36.33898305084749,-55.14952765126873
1949-04-01,55.2,-37.63534482758618,-97.50163802407522
1949-05-01,122.6,35.18217391304346,-24.45523016224574
1949-06-01,123.8,59.27068965517239,13.364909523206705
1949-07-01,2.6,-34.391379310344824,-71.0537356715987
1949-08-01,19.0,-33.22347826086957,-88.34604892477597
1949-09-01,149.8,40.24210526315787,-27.891803965624376
1949-10-01,393.4,225.42850877192976,117.87332302475357
1949-11-01,465.4,295.21594827586216,185.07336541025256
1949-12-01,101.2,-49.946581196581164,-138.07555179307263
1950-01-01,30.0,-95.26848739495803,-184.48991548061915
1950-02-01,221.6,110.16016949152538,25.27888959871005
1950-03-01,59.6,-56.06101694915251,-147.54952765126873
1950-04-01,166.8,73.96465517241383,14.098361975924796
1950-05-01,43.0,-44.41782608695654,-104.05523016224573
1950-06-01,67.0,2.470689655172393,-43.43509047679329
1950-07-01,0.0,-36.991379310344826,-73.6537356715987
1950-08-01,117.8,65.57652173913043,10.453951075224019
1950-09-01,114.6,5.0421052631578505,-63.09180396562439
1950-10-01,138.4,-29.571491228070215,-137.1266769752464
1950-11-01,190.2,20.015948275862172,-90.12663458974741
1950-12-01,199.4,48.25341880341884,-39.87555179307262
1951-01-01,265.3,140.031512605042,50.81008451938088
1951-02-01,373.4,261.96016949152533,177.07888959871002
1951-03-01,197.25,81.58898305084749,-9.899527651268727
1951-04-01,40.5,-52.335344827586184,-112.20163802407521
1951-05-01,122.7,35.282173913043465,-24.355230162245732
1951-06-01,28.9,-35.62931034482761,-81.5350904767933
1951-07-01,14.5,-22.491379310344826,-59.153735671598696
1951-08-01,40.8,-11.423478260869572,-66.54604892477599
1951-09-01,60.6,-48.95789473684214,-117.0918039656244
1951-10-01,143.75,-24.22149122807022,-131.7766769752464
1951-11-01,189.8,19.615948275862195,-90.52663458974739
1951-12-01,179.5,28.353418803418833,-59.77555179307262
1952-01-01,125.6,0.331512605041965,-88.88991548061915
1952-02-01,75.65,-35.78983050847461,-120.67111040128994
1952-03-01,40.6,-75.0610169491525,-166.5495276512687
1952-04-01,100.8,7.9646551724138135,-51.90163802407522
1952-05-01,74.4,-13.017826086956532,-72.65523016224573
1952-06-01,22.8,-41.72931034482761,-87.6350904767933
1952-07-01,119.6,82.60862068965517,45.9462643284013
1952-08-01,261.85,209.62652173913045,154.50395107522405
1952-09-01,199.75,90.19210526315786,22.058196034375612
1952-10-01,274.7,106.72850877192977,-0.8266769752464143
1952-11-01,261.7,91.51594827586217,-18.62663458974741
1952-12-01,229.45,78.30341880341882,-9.825551793072634
1953-01-01,31.15,-94.11848739495804,-183.33991548061914
1953-02-01,46.85,-64.58983050847462,-149.47111040128993
1953-03-01,18.2,-97.46101694915251,-188.94952765126874
1953-04-01,80.4,-12.435344827586178,-72.3016380240752
1953-05-01,62.2,-25.217826086956535,-84.85523016224573
1953-06-01,73.2,8.670689655172396,-37.23509047679329
1953-07-01,62.6,25.608620689655176,-11.053735671598695
1953-08-01,24.6,-27.623478260869568,-82.74604892477598
1953-09-01,97.2,-12.357894736842141,-80.49180396562438
1953-10-01,318.54999999999995,150.57850877192973,43.02332302475355
1953-11-01,35.9,-134.2840517241378,-244.42663458974738
1953-12-01,181.5,30.353418803418833,-57.77555179307262
1954-01-01,96.0,-29.26848739495803,-118.48991548061915
1954-02-01,111.1,-0.3398305084746198,-85.22111040128995
1954-03-01,114.25,-1.4110169491525113,-92.89952765126873
1954-04-01,163.45,70.6146551724138,10.748361975924773
1954-05-01,112.5,25.082173913043462,-34.555230162245735
1954-06-01,33.05,-31.47931034482761,-77.3850904767933
1954-07-01,56.2,19.208620689655177,-17.453735671598693
1954-08-01,115.4,63.176521739130436,8.053951075224028
1954-09-01,49.4,-60.157894736842145,-128.29180396562438
1954-10-01,183.45,15.478508771929768,-92.07667697524641
1954-11-01,227.4,57.21594827586219,-52.926634589747394
1954-12-01,175.5,24.353418803418833,-63.77555179307262
1955-01-01,139.2,13.93151260504196,-75.28991548061916
1955-02-01,235.8,124.3601694915254,39.47888959871007
1955-03-01,85.0,-30.66101694915251,-122.14952765126873
1955-04-01,0.4,-92.43534482758618,-152.3016380240752
1955-05-01,73.6,-13.817826086956543,-73.45523016224574
1955-06-01,54.8,-9.72931034482761,-55.635090476793295
1955-07-01,39.8,2.8086206896551715,-33.8537356715987
1955-08-01,15.7,-36.52347826086957,-91.64604892477598
1955-09-01,57.3,-52.25789473684215,-120.39180396562439
1955-10-01,124.1,-43.87149122807023,-151.4266769752464
1955-11-01,125.5,-44.68405172413782,-154.8266345897474
1955-12-01,246.8,95.65341880341884,7.524448206927389
1956-01-01,165.5,40.23151260504197,-48.989915480619146
1956-02-01,43.85,-67.58983050847462,-152.47111040128993
1956-03-01,77.6,-38.06101694915252,-129.54952765126873
1956-04-01,213.65,120.81465517241382,60.94836197592479
1956-05-01,60.65,-26.76782608695654,-86.40523016224574
1956-06-01,57.1,-7.429310344827606,-53.33509047679329
1956-07-01,25.4,-11.591379310344827,-48.2537356715987
1956-08-01,11.0,-41.22347826086957,-96.34604892477597
1956-09-01,82.4,-27.157894736842138,-95.29180396562438
1956-10-01,72.35,-95.62149122807023,-203.1766769752464
1956-11-01,110.2,-59.984051724137814,-170.1266345897474
1956-12-01,95.85,-55.29658119658117,-143.42555179307263
1957-01-01,136.8,11.531512605041982,-77.68991548061913
1957-02-01,149.4,37.96016949152539,-46.92111040128994
1957-03-01,68.4,-47.261016949152506,-138.74952765126872
1957-04-01,122.4,29.564655172413822,-30.30163802407521
1957-05-01,120.6,33.18217391304346,-26.45523016224574
1957-06-01,47.2,-17.329310344827604,-63.23509047679329
1957-07-01,59.4,22.408620689655173,-14.253735671598697
1957-08-01,13.8,-38.42347826086957,-93.54604892477599
1957-09-01,40.0,-69.55789473684214,-137.6918039656244
1957-10-01,75.4,-92.57149122807022,-200.1266769752464
1957-11-01,227.4,57.21594827586219,-52.926634589747394
1957-12-01,157.4,6.253418803418839,-81.87555179307262
1958-01-01,92.8,-32.46848739495803,-121.68991548061915
1958-02-01,54.2,-57.23983050847461,-142.12111040128994
1958-03-01,83.0,-32.66101694915251,-124.14952765126873
1958-04-01,118.0,25.164655172413816,-34.701638024075216
1958-05-01,34.8,-52.61782608695654,-112.25523016224574
1958-06-01,84.85,20.320689655172387,-25.585090476793297
1958-07-01,24.9,-12.091379310344827,-48.7537356715987
1958-08-01,60.25,8.02652173913043,-47.09604892477598
1958-09-01,64.30000000000001,-45.25789473684213,-113.39180396562438
1958-10-01,124.4,-43.571491228070215,-151.1266769752464
1958-11-01,69.7,-100.48405172413781,-210.6266345897474
1958-12-01,318.95000000000005,167.80341880341888,79.67444820692742
1959-01-01,78.4,-46.868487394958024,-136.08991548061914
1959-02-01,18.75,-92.68983050847461,-177.57111040128996
1959-03-01,75.85,-39.81101694915252,-131.29952765126873
1959-04-01,108.55,15.714655172413813,-44.15163802407522
1959-05-01,62.55,-24.86782608695654,-84.50523016224574
1959-06-01,27.8,-36.72931034482761,-82.6350904767933
1959-07-01,55.2,18.208620689655177,-18.453735671598693
1959-08-01,160.75,108.52652173913043,53.40395107522402
1959-09-01,58.650000000000006,-50.90789473684214,-119.04180396562438
1959-10-01,186.85,18.878508771929774,-88.67667697524641
1959-11-01,217.75,47.56594827586218,-62.5766345897474
1959-12-01,357.0,205.85341880341883,117.72444820692738
1960-01-01,73.2,-52.06848739495803,-141.28991548061913
1960-02-01,243.8,132.3601694915254,47.47888959871007
1960-03-01,199.8,84.1389830508475,-7.3495276512687155
1960-04-01,35.4,-57.435344827586185,-117.30163802407522
1960-05-01,7.0,-80.41782608695654,-140.05523016224572
1960-06-01,89.8,25.27068965517239,-20.635090476793295
1960-07-01,52.0,15.008620689655174,-21.653735671598696
1960-08-01,21.6,-30.623478260869568,-85.74604892477598
1960-09-01,177.4,67.84210526315786,-0.29180396562438204
1960-10-01,240.45,72.47850877192977,-35.076676975246414
1960-11-01,283.29999999999995,113.11594827586214,2.973365410252555
1960-12-01,181.4,30.25341880341884,-57.87555179307262
1961-01-01,201.25,75.98151260504197,-13.239915480619146
1961-02-01,44.55,-66.88983050847462,-151.77111040128995
1961-03-01,37.8,-77.86101694915251,-169.34952765126872
1961-04-01,102.75,9.914655172413816,-49.951638024075216
1961-05-01,92.45,5.032173913043465,-54.60523016224573
1961-06-01,95.95,31.420689655172396,-14.485090476793289
1961-07-01,20.0,-16.991379310344826,-53.653735671598696
1961-08-01,9.8,-42.42347826086957,-97.54604892477599
1961-09-01,92.7,-16.85789473684214,-84.99180396562438
1961-10-01,239.75,71.77850877192978,-35.7766769752464
1961-11-01,282.4,112.21594827586216,2.0733654102525776
1961-12-01,112.55,-38.59658119658117,-126.72555179307263
1962-01-01,73.55000000000001,-51.71848739495802,-140.93991548061913
1962-02-01,63.35,-48.08983050847461,-132.97111040128993
1962-03-01,127.65,11.988983050847494,-79.49952765126872
1962-04-01,147.39999999999998,54.564655172413794,-5.301638024075238
1962-05-01,66.4,-21.017826086956532,-80.65523016224573
1962-06-01,17.5,-47.02931034482761,-92.93509047679329
1962-07-01,12.5,-24.491379310344826,-61.153735671598696
1962-08-01,0.6,-51.62347826086957,-106.74604892477598
1962-09-01,98.6,-10.95789473684215,-79.0918039656244
1962-10-01,132.8,-35.17149122807021,-142.7266769752464
1962-11-01,210.6,40.41594827586218,-69.7266345897474
1962-12-01,105.3,-45.84658119658117,-133.9755517930726
1963-01-01,177.9,52.631512605041976,-36.58991548061914
1963-02-01,100.4,-11.039830508474608,-95.92111040128994
1963-03-01,133.0,17.33898305084749,-74.14952765126873
1963-04-01,108.2,15.36465517241382,-44.50163802407521
1963-05-01,30.2,-57.217826086956535,-116.85523016224573
1963-06-01,69.4,4.870689655172399,-41.035090476793286
1963-07-01,35.8,-1.1913793103448285,-37.8537356715987
1963-08-01,124.2,71.97652173913043,16.853951075224025
1963-09-01,205.4,95.84210526315786,27.708196034375618
1963-10-01,103.95,-64.02149122807022,-171.57667697524641
1963-11-01,229.9,59.71594827586219,-50.426634589747394
1963-12-01,86.2,-64.94658119658116,-153.07555179307263
1964-01-01,32.0,-93.26848739495803,-182.48991548061915
1964-02-01,203.8,92.3601694915254,7.478889598710069
1964-03-01,176.75,61.08898305084749,-30.399527651268727
1964-04-01,156.95,64.1146551724138,4.248361975924773
1964-05-01,30.3,-57.11782608695654,-116.75523016224574
1964-06-01,126.15,61.6206896551724,15.714909523206714
1964-07-01,72.5,35.508620689655174,-1.153735671598696
1964-08-01,33.8,-18.423478260869572,-73.54604892477599
1964-09-01,16.2,-93.35789473684214,-161.4918039656244
1964-10-01,319.25,151.27850877192978,43.7233230247536
1964-11-01,57.95,-112.23405172413781,-222.3766345897474
1964-12-01,191.8,40.653418803418845,-47.47555179307261
1965-01-01,118.8,-6.468487394958032,-95.68991548061915
1965-02-01,8.95,-102.48983050847461,-187.37111040128994
1965-03-01,200.05,84.3889830508475,-7.0995276512687155
1965-04-01,23.8,-69.03534482758619,-128.90163802407523
1965-05-01,37.0,-50.41782608695654,-110.05523016224573
1965-06-01,46.4,-18.12931034482761,-64.0350904767933
1965-07-01,4.2,-32.79137931034482,-69.4537356715987
1965-08-01,85.19999999999999,32.97652173913042,-22.14604892477599
1965-09-01,189.15,79.59210526315786,11.458196034375618
1965-10-01,41.85,-126.12149122807023,-233.6766769752464
1965-11-01,204.0,33.81594827586218,-76.3266345897474
1965-12-01,170.8,19.653418803418845,-68.47555179307261
1966-01-01,81.2,-44.06848739495803,-133.28991548061913
1966-02-01,131.7,20.260169491525374,-64.62111040128995
1966-03-01,24.6,-91.0610169491525,-182.5495276512687
1966-04-01,118.6,25.76465517241381,-34.10163802407522
1966-05-01,47.2,-40.217826086956535,-99.85523016224573
1966-06-01,44.8,-19.72931034482761,-65.6350904767933
1966-07-01,63.8,26.80862068965517,-9.853735671598699
1966-08-01,60.4,8.176521739130429,-46.94604892477598
1966-09-01,122.6,13.04210526315785,-55.09180396562439
1966-10-01,535.25,367.27850877192975,259.72332302475354
1966-11-01,265.55,95.3659482758622,-14.776634589747388
1966-12-01,156.2,5.053418803418822,-83.07555179307263
1967-01-01,110.6,-14.668487394958035,-103.88991548061915
1967-02-01,54.55,-56.88983050847462,-141.77111040128995
1967-03-01,94.05,-21.611016949152514,-113.09952765126873
1967-04-01,71.8,-21.035344827586187,-80.90163802407523
1967-05-01,50.150000000000006,-37.26782608695653,-96.90523016224573
1967-06-01,67.85,3.3206896551723872,-42.5850904767933
1967-07-01,5.8,-31.191379310344825,-67.8537356715987
1967-08-01,51.2,-1.0234782608695667,-56.146048924775975
1967-09-01,163.2,53.642105263157845,-14.491803965624399
1967-10-01,54.0,-113.97149122807022,-221.5266769752464
1967-11-01,153.4,-16.78405172413781,-126.9266345897474
1967-12-01,86.35,-64.79658119658117,-152.92555179307263
1968-01-01,52.05,-73.21848739495803,-162.43991548061916
1968-02-01,421.35,309.9101694915254,225.02888959871007
1968-03-01,43.4,-72.26101694915252,-163.74952765126875
1968-04-01,91.3,-1.5353448275861865,-61.40163802407522
1968-05-01,127.65,40.23217391304347,-19.40523016224573
1968-06-01,76.6,12.070689655172387,-33.8350904767933
1968-07-01,109.8,72.80862068965517,36.1462643284013
1968-08-01,82.4,30.176521739130436,-24.946048924775972
1968-09-01,151.0,41.442105263157856,-26.691803965624388
1968-10-01,271.0,103.02850877192978,-4.526676975246403
1968-11-01,371.55,201.3659482758622,91.22336541025261
1968-12-01,166.8,15.653418803418845,-72.47555179307261
1969-01-01,285.8,160.531512605042,71.31008451938088
1969-02-01,198.0,86.56016949152539,1.6788895987100574
1969-03-01,107.65,-8.011016949152506,-99.49952765126872
1969-04-01,72.30000000000001,-20.535344827586172,-80.4016380240752
1969-05-01,52.85,-34.567826086956536,-94.20523016224573
1969-06-01,64.4,-0.1293103448276014,-46.035090476793286
1969-07-01,5.8,-31.191379310344825,-67.8537356715987
1969-08-01,18.450000000000003,-33.77347826086957,-88.89604892477598
1969-09-01,275.4,165.84210526315783,97.70819603437559
1969-10-01,2.35,-165.62149122807023,-273.17667697524644
1969-11-01,224.95,54.76594827586217,-55.37663458974741
1969-12-01,60.05,-91.09658119658117,-179.2255517930726
1970-01-01,295.75,170.48151260504198,81.26008451938087
1970-02-01,54.0,-57.439830508474614,-142.32111040128996
1970-03-01,188.75,73.08898305084749,-18.399527651268727
1970-04-01,27.65,-65.18534482758619,-125.05163802407523
1970-05-01,112.8,25.38217391304346,-34.25523016224574
1970-06-01,37.4,-27.12931034482761,-73.0350904767933
1970-07-01,9.0,-27.991379310344826,-64.6537356715987
1970-08-01,97.0,44.77652173913043,-10.346048924775978
1970-09-01,21.75,-87.80789473684214,-155.9418039656244
1970-10-01,45.85,-122.12149122807023,-229.6766769752464
1970-11-01,162.55,-7.634051724137805,-117.77663458974739
1970-12-01,129.75,-21.396581196581167,-109.52555179307262
1971-01-01,206.8,81.53151260504198,-7.689915480619135
1971-02-01,50.7,-60.73983050847461,-145.62111040128994
1971-03-01,191.8,76.1389830508475,-15.349527651268716
1971-04-01,130.4,37.56465517241382,-22.30163802407521
1971-05-01,233.65,146.23217391304348,86.59476983775428
1971-06-01,60.35,-4.179310344827606,-50.08509047679329
1971-07-01,5.0,-31.991379310344826,-68.6537356715987
1971-08-01,5.8,-46.42347826086957,-101.54604892477599
1971-09-01,122.8,13.242105263157853,-54.89180396562439
1971-10-01,31.8,-136.1714912280702,-243.7266769752464
1971-11-01,217.35,47.16594827586218,-62.976634589747405
1971-12-01,49.5,-101.64658119658117,-189.77555179307262
1972-01-01,129.0,3.7315126050419707,-85.48991548061915
1972-02-01,245.65,134.2101694915254,49.32888959871006
1972-03-01,97.05,-18.611016949152514,-110.09952765126873
1972-04-01,62.4,-30.435344827586185,-90.30163802407522
1972-05-01,117.65,30.232173913043468,-29.40523016224573
1972-06-01,85.15,20.6206896551724,-25.285090476793286
1972-07-01,34.2,-2.791379310344823,-39.45373567159869
1972-08-01,25.0,-27.22347826086957,-82.34604892477597
1972-09-01,195.0,85.44210526315786,17.308196034375612
1972-10-01,149.8,-18.17149122807021,-125.72667697524639
1972-11-01,143.95,-26.234051724137828,-136.37663458974743
1972-12-01,124.95,-26.196581196581164,-114.32555179307262
1973-01-01,151.95,26.68151260504196,-62.53991548061916
1973-02-01,108.55,-2.889830508474617,-87.77111040128995
1973-03-01,45.8,-69.86101694915251,-161.34952765126872
1973-04-01,71.8,-21.035344827586187,-80.90163802407523
1973-05-01,22.2,-65.21782608695653,-124.85523016224573
1973-06-01,114.0,49.47068965517239,3.5649095232067083
1973-07-01,18.2,-18.791379310344826,-55.45373567159869
1973-08-01,31.55,-20.67347826086957,-75.79604892477597
1973-09-01,124.7,15.142105263157859,-52.991803965624385
1973-10-01,80.55,-87.42149122807022,-194.9766769752464
1973-11-01,59.900000000000006,-110.28405172413781,-220.42663458974738
1973-12-01,120.7,-30.446581196581164,-118.57555179307262
1974-01-01,117.55,-7.718487394958032,-96.93991548061915
1974-02-01,164.85000000000002,53.41016949152541,-31.47111040128992
1974-03-01,103.0,-12.661016949152511,-104.14952765126873
1974-04-01,187.7,94.8646551724138,34.99836197592477
1974-05-01,56.1,-31.317826086956536,-90.95523016224573
1974-06-01,72.2,7.670689655172396,-38.23509047679329
1974-07-01,10.0,-26.991379310344826,-63.653735671598696
1974-08-01,13.1,-39.12347826086957,-94.24604892477598
1974-09-01,85.25,-24.307894736842144,-92.44180396562439
1974-10-01,135.0,-32.97149122807022,-140.5266769752464
1974-11-01,96.8,-73.38405172413782,-183.5266345897474
1974-12-01,23.2,-127.94658119658116,-216.07555179307263
1975-01-01,173.2,47.93151260504196,-41.28991548061916
1975-02-01,120.6,9.16016949152538,-75.72111040128995
1975-03-01,205.9,90.2389830508475,-1.2495276512687212
1975-04-01,127.7,34.86465517241382,-25.001638024075213
1975-05-01,148.6,61.18217391304346,1.5447698377542594
1975-06-01,58.15,-6.3793103448276085,-52.28509047679329
1975-07-01,1.0,-35.991379310344826,-72.6537356715987
1975-08-01,67.05,14.826521739130428,-40.29604892477598
1975-09-01,100.95,-8.607894736842141,-76.74180396562438
1975-10-01,108.35,-59.62149122807023,-167.1766769752464
1975-11-01,162.2,-7.984051724137828,-118.12663458974741
1975-12-01,169.8,18.653418803418845,-69.47555179307261
1976-01-01,43.3,-81.96848739495803,-171.18991548061916
1976-02-01,63.5,-47.939830508474614,-132.82111040128996
1976-03-01,53.2,-62.46101694915251,-153.94952765126874
1976-04-01,36.0,-56.835344827586184,-116.70163802407521
1976-05-01,66.6,-20.817826086956543,-80.45523016224574
1976-06-01,5.8,-58.72931034482761,-104.6350904767933
1976-07-01,57.0,20.008620689655174,-16.653735671598696
1976-08-01,86.4,34.176521739130436,-20.946048924775972
1976-09-01,160.55,50.99210526315787,-17.141803965624376
1976-10-01,151.45,-16.521491228070232,-124.07667697524641
1976-11-01,137.0,-33.18405172413782,-143.3266345897474
1976-12-01,90.85,-60.29658119658117,-148.42555179307263
1977-01-01,357.15,231.88151260504196,142.66008451938086
1977-02-01,185.8,74.3601694915254,-10.521110401289931
1977-03-01,137.4,21.738983050847494,-69.74952765126872
1977-04-01,44.6,-48.23534482758618,-108.10163802407521
1977-05-01,132.6,45.18217391304346,-14.45523016224574
1977-06-01,51.4,-13.129310344827609,-59.03509047679329
1977-07-01,29.8,-7.191379310344825,-43.8537356715987
1977-08-01,217.25,165.02652173913043,109.90395107522403
1977-09-01,47.8,-61.75789473684215,-129.89180396562438
1977-10-01,176.39999999999998,8.428508771929756,-99.12667697524643
1977-11-01,102.25,-67.93405172413782,-178.0766345897474
1977-12-01,148.6,-2.5465811965811724,-90.67555179307263
1978-01-01,193.2,67.93151260504196,-21.289915480619158
1978-02-01,226.4,114.96016949152539,30.078889598710063
1978-03-01,84.8,-30.861016949152514,-122.34952765126873
1978-04-01,167.60000000000002,74.76465517241384,14.898361975924807
1978-05-01,136.3,48.882173913043474,-10.755230162245724
1978-06-01,76.25,11.720689655172393,-34.18509047679329
1978-07-01,30.3,-6.691379310344825,-43.3537356715987
1978-08-01,40.5,-11.72347826086957,-66.84604892477597
1978-09-01,6.65,-102.90789473684214,-171.04180396562438
1978-10-01,104.9,-63.071491228070215,-170.6266769752464
1978-11-01,16.05,-154.1340517241378,-264.2766345897474
1978-12-01,229.15,78.00341880341884,-10.125551793072617
1979-01-01,415.15,289.88151260504196,200.66008451938086
1979-02-01,197.25,85.81016949152539,0.9288895987100574
1979-03-01,70.75,-44.91101694915251,-136.39952765126873
1979-04-01,115.1,22.26465517241381,-37.60163802407522
1979-05-01,4.9,-82.51782608695653,-142.15523016224574
1979-06-01,41.6,-22.929310344827606,-68.83509047679328
1979-07-01,2.2,-34.79137931034482,-71.4537356715987
1979-08-01,87.6,35.376521739130425,-19.746048924775984
1979-09-01,223.6,114.04210526315785,45.90819603437561
1979-10-01,254.8,86.82850877192979,-20.72667697524639
1979-11-01,113.75,-56.43405172413782,-166.5766345897474
1979-12-01,198.75,47.60341880341883,-40.52555179307262
1980-01-01,116.0,-9.26848739495803,-98.48991548061915
1980-02-01,69.85,-41.58983050847462,-126.47111040128995
1980-03-01,200.8,85.1389830508475,-6.3495276512687155
1980-04-01,54.0,-38.835344827586184,-98.70163802407521
1980-05-01,78.75,-8.667826086956538,-68.30523016224573
1980-06-01,78.2,13.670689655172396,-32.23509047679329
1980-07-01,18.4,-18.591379310344827,-55.2537356715987
1980-08-01,40.4,-11.823478260869571,-66.94604892477598
1980-09-01,7.8,-101.75789473684215,-169.89180396562438
1980-10-01,431.2,263.2285087719298,155.6733230247536
1980-11-01,186.75,16.565948275862183,-93.5766345897474
1980-12-01,49.8,-101.34658119658117,-189.4755517930726
1981-01-01,11.5,-113.76848739495803,-202.98991548061915
1981-02-01,8.3,-103.13983050847462,-188.02111040128995
1981-03-01,14.05,-101.61101694915251,-193.09952765126872
1981-04-01,5.4,-87.43534482758618,-147.3016380240752
1981-05-01,89.8,2.3821739130434594,-57.25523016224574
1981-06-01,35.6,-28.929310344827606,-74.83509047679328
1981-07-01,52.4,15.408620689655173,-21.253735671598697
1981-08-01,11.05,-41.17347826086957,-96.29604892477599
1981-09-01,137.95,28.392105263157845,-39.7418039656244
1981-10-01,209.2,41.22850877192977,-66.32667697524641
1981-11-01,8.649999999999999,-161.5340517241378,-271.6766345897474
1981-12-01,171.55,20.403418803418845,-67.72555179307261
1982-01-01,91.4,-33.868487394958024,-123.08991548061914
1982-02-01,37.4,-74.03983050847461,-158.92111040128992
1982-03-01,53.6,-62.06101694915251,-153.54952765126873
1982-04-01,9.5,-83.33534482758618,-143.2016380240752
1982-05-01,28.1,-59.317826086956536,-118.95523016224573
1982-06-01,15.6,-48.929310344827606,-94.83509047679328
1982-07-01,22.0,-14.991379310344826,-51.653735671598696
1982-08-01,5.6,-46.62347826086957,-101.74604892477598
1982-09-01,65.0,-44.557894736842144,-112.69180396562439
1982-10-01,223.3,55.32850877192979,-52.22667697524639
1982-11-01,260.0,89.81594827586218,-20.3266345897474
1982-12-01,184.65,33.50341880341884,-54.62555179307262
1983-01-01,18.6,-106.66848739495802,-195.88991548061915
1983-02-01,137.1,25.66016949152538,-59.22111040128995
1983-03-01,168.85000000000002,53.18898305084751,-38.299527651268704
1983-04-01,134.75,41.914655172413816,-17.951638024075216
1983-05-01,61.2,-26.217826086956535,-85.85523016224573
1983-06-01,50.5,-14.029310344827607,-59.93509047679329
1983-07-01,39.6,2.608620689655176,-34.053735671598695
1983-08-01,87.4,35.176521739130436,-19.946048924775972
1983-09-01,42.05,-67.50789473684215,-135.64180396562438
1983-10-01,105.75,-62.22149122807022,-169.7766769752464
1983-11-01,41.2,-128.98405172413783,-239.12663458974743
1983-12-01,263.6,112.45341880341886,24.3244482069274
1984-01-01,174.6,49.331512605041965,-39.88991548061915
1984-02-01,141.3,29.860169491525397,-55.02111040128993
1984-03-01,166.05,50.3889830508475,-41.099527651268716
1984-04-01,206.35,113.51465517241381,53.64836197592478
1984-05-01,314.4,226.98217391304343,167.34476983775423
1984-06-01,190.95,126.42068965517238,80.5149095232067
1984-07-01,116.8,79.80862068965517,43.1462643284013
1984-08-01,218.4,166.17652173913044,111.05395107522403
1984-09-01,154.1,44.54210526315785,-23.591803965624393
1984-10-01,212.9,44.928508771929785,-62.6266769752464
1984-11-01,191.8,21.615948275862195,-88.52663458974739
1984-12-01,152.4,1.253418803418839,-86.87555179307262
1985-01-01,143.8,18.531512605041982,-70.68991548061913
1985-02-01,54.2,-57.23983050847461,-142.12111040128994
1985-03-01,205.4,89.7389830508475,-1.7495276512687212
1985-04-01,19.4,-73.43534482758619,-133.30163802407523
1985-05-01,88.0,0.5821739130434622,-59.055230162245735
1985-06-01,68.0,3.470689655172393,-42.43509047679329
1985-07-01,2.8,-34.19137931034483,-70.8537356715987
1985-08-01,29.0,-23.22347826086957,-78.34604892477597
1985-09-01,80.6,-28.95789473684215,-97.0918039656244
1985-10-01,12.2,-155.77149122807023,-263.3266769752464
1985-11-01,112.6,-57.58405172413782,-167.7266345897474
1985-12-01,67.4,-83.74658119658116,-171.87555179307262
1986-01-01,91.6,-33.668487394958035,-122.88991548061915
1986-02-01,171.4,59.96016949152539,-24.921110401289937
1986-03-01,125.4,9.738983050847494,-81.74952765126872
1986-04-01,128.6,35.76465517241381,-24.10163802407522
1986-05-01,2.4,-85.01782608695653,-144.65523016224574
1986-06-01,38.0,-26.529310344827607,-72.43509047679329
1986-07-01,86.0,49.008620689655174,12.346264328401304
1986-08-01,3.8,-48.42347826086957,-103.54604892477599
1986-09-01,79.6,-29.95789473684215,-98.0918039656244
1986-10-01,46.2,-121.77149122807022,-229.32667697524641
1986-11-01,249.2,79.01594827586217,-31.12663458974741
1986-12-01,75.8,-75.34658119658117,-163.4755517930726
1987-01-01,159.6,34.331512605041965,-54.88991548061915
1987-02-01,156.8,45.3601694915254,-39.52111040128993
1987-03-01,60.4,-55.26101694915251,-146.74952765126872
1987-04-01,88.2,-4.635344827586181,-64.50163802407522
1987-05-01,50.4,-37.01782608695654,-96.65523016224574
1987-06-01,102.6,38.07068965517239,-7.835090476793297
1987-07-01,24.4,-12.591379310344827,-49.2537356715987
1987-08-01,59.2,6.976521739130433,-48.146048924775975
1987-09-01,10.8,-98.75789473684215,-166.89180396562438
1987-10-01,258.6,90.6285087719298,-16.92667697524638
1987-11-01,164.2,-5.984051724137828,-116.12663458974741
1987-12-01,99.2,-51.946581196581164,-140.07555179307263
1988-01-01,197.2,71.93151260504196,-17.289915480619158
1988-02-01,143.6,32.16016949152538,-52.72111040128995
1988-03-01,54.8,-60.861016949152514,-152.34952765126872
1988-04-01,84.4,-8.435344827586178,-68.3016380240752
1988-05-01,145.4,57.98217391304347,-1.6552301622457293
1988-06-01,55.0,-9.529310344827607,-55.43509047679329
1988-07-01,63.0,26.008620689655174,-10.653735671598696
1988-08-01,6.2,-46.02347826086957,-101.14604892477598
1988-09-01,35.4,-74.15789473684214,-142.29180396562438
1988-10-01,139.4,-28.571491228070215,-136.1266769752464
1988-11-01,19.8,-150.3840517241378,-260.5266345897474
1988-12-01,63.8,-87.34658119658117,-175.4755517930726
1989-01-01,9.4,-115.86848739495802,-205.08991548061914
1989-02-01,98.6,-12.83983050847462,-97.72111040128995
1989-03-01,44.4,-71.26101694915252,-162.74952765126875
1989-04-01,342.2,249.3646551724138,189.49836197592475
1989-05-01,18.2,-69.21782608695653,-128.85523016224573
1989-06-01,45.6,-18.929310344827606,-64.83509047679328
1989-07-01,31.8,-5.191379310344825,-41.8537356715987
1989-08-01,41.0,-11.22347826086957,-66.34604892477597
1989-09-01,76.2,-33.35789473684214,-101.49180396562438
1989-10-01,27.8,-140.1714912280702,-247.7266769752464
1989-11-01,128.0,-42.18405172413782,-152.3266345897474
1989-12-01,85.4,-65.74658119658116,-153.87555179307262
1990-01-01,82.2,-43.06848739495803,-132.28991548061913
1990-02-01,44.0,-67.43983050847461,-152.32111040128996
1990-03-01,27.8,-87.86101694915251,-179.34952765126872
1990-04-01,217.4,124.56465517241382,64.6983619759248
1990-05-01,22.2,-65.21782608695653,-124.85523016224573
1990-06-01,50.2,-14.329310344827604,-60.23509047679329
1990-07-01,38.2,1.2086206896551772,-35.45373567159869
1990-08-01,91.8,39.57652173913043,-15.546048924775981
1990-09-01,58.2,-51.35789473684214,-119.49180396562438
1990-10-01,305.2,137.22850877192977,29.673323024753586
1990-11-01,110.8,-59.38405172413782,-169.5266345897474
1990-12-01,145.6,-5.546581196581172,-93.67555179307263
1991-01-01,70.0,-55.26848739495803,-144.48991548061915
1991-02-01,55.6,-55.83983050847461,-140.72111040128993
1991-03-01,47.2,-68.46101694915251,-159.94952765126874
1991-04-01,25.4,-67.43534482758619,-127.30163802407523
1991-05-01,34.4,-53.01782608695654,-112.65523016224574
1991-06-01,91.8,27.27068965517239,-18.635090476793295
1991-07-01,11.2,-25.791379310344826,-62.45373567159869
1991-08-01,23.4,-28.82347826086957,-83.94604892477598
1991-09-01,80.2,-29.35789473684214,-97.49180396562438
1991-10-01,316.2,148.22850877192977,40.673323024753586
1991-11-01,196.8,26.615948275862195,-83.52663458974739
1991-12-01,13.4,-137.74658119658116,-225.87555179307262
1992-01-01,46.2,-79.06848739495803,-168.28991548061913
1992-02-01,62.4,-49.039830508474616,-133.92111040128995
1992-03-01,20.4,-95.26101694915252,-186.74952765126875
1992-04-01,188.8,95.96465517241383,36.098361975924796
1992-05-01,14.2,-73.21782608695653,-132.85523016224573
1992-06-01,184.6,120.07068965517239,74.1649095232067
1992-07-01,78.4,41.40862068965518,4.74626432840131
1992-08-01,156.6,104.37652173913042,49.253951075224016
1992-09-01,92.6,-16.95789473684215,-85.0918039656244
1992-10-01,418.2,250.22850877192977,142.67332302475359
1992-11-01,92.4,-77.78405172413781,-187.92663458974738
1992-12-01,166.2,15.053418803418822,-73.07555179307263
1993-01-01,16.6,-108.66848739495802,-197.88991548061915
1993-02-01,6.8,-104.63983050847462,-189.52111040128995
1993-03-01,68.0,-47.66101694915251,-139.14952765126873
1993-04-01,67.2,-25.63534482758618,-85.50163802407522
1993-05-01,75.0,-12.417826086956538,-72.05523016224573
1993-06-01,33.0,-31.529310344827607,-77.43509047679329
1993-07-01,11.2,-25.791379310344826,-62.45373567159869
1993-08-01,52.0,-0.22347826086956957,-55.34604892477598
1993-09-01,283.4,173.84210526315783,105.70819603437559
1993-10-01,270.0,102.02850877192978,-5.526676975246403
1993-11-01,133.2,-36.98405172413783,-147.12663458974743
1993-12-01,123.0,-28.146581196581167,-116.27555179307262
1994-01-01,128.0,2.7315126050419707,-86.48991548061915
1994-02-01,92.6,-18.83983050847462,-103.72111040128995
1994-03-01,8.0,-107.66101694915251,-199.14952765126873
1994-04-01,153.0,60.164655172413816,0.2983619759247844
1994-05-01,82.4,-5.017826086956532,-64.65523016224573
1994-06-01,40.8,-23.72931034482761,-69.6350904767933
1994-07-01,11.6,-25.391379310344824,-62.053735671598695
1994-08-01,7.0,-45.22347826086957,-100.34604892477597
1994-09-01,274.6,165.04210526315788,96.90819603437564
1994-10-01,99.2,-68.77149122807022,-176.32667697524641
1994-11-01,308.8,138.6159482758622,28.47336541025261
1994-12-01,179.2,28.053418803418822,-60.075551793072634
1995-01-01,130.6,5.331512605041965,-83.88991548061915
1995-02-01,190.6,79.16016949152538,-5.721110401289948
1995-03-01,94.4,-21.261016949152506,-112.74952765126872
1995-04-01,77.0,-15.835344827586184,-75.70163802407521
1995-05-01,158.0,70.58217391304346,10.944769837754265
1995-06-01,151.4,86.8706896551724,40.964909523206714
1995-07-01,4.0,-32.991379310344826,-69.6537356715987
1995-08-01,47.8,-4.423478260869572,-59.54604892477598
1995-09-01,169.2,59.642105263157845,-8.491803965624399
1995-10-01,109.4,-58.571491228070215,-166.1266769752464
1995-11-01,78.0,-92.18405172413782,-202.3266345897474
1995-12-01,223.6,72.45341880341883,-15.675551793072628
1996-01-01,225.4,100.13151260504198,10.91008451938086
1996-02-01,212.6,101.16016949152538,16.27888959871005
1996-03-01,46.2,-69.46101694915251,-160.94952765126874
1996-04-01,179.0,86.16465517241382,26.298361975924784
1996-05-01,111.0,23.582173913043462,-36.055230162245735
1996-06-01,43.8,-20.72931034482761,-66.6350904767933
1996-07-01,22.8,-14.191379310344825,-50.8537356715987
1996-08-01,89.4,37.176521739130436,-17.946048924775972
1996-09-01,151.8,42.24210526315787,-25.891803965624376
1996-10-01,139.0,-28.97149122807022,-136.5266769752464
1996-11-01,294.2,124.01594827586217,13.873365410252589
1996-12-01,211.2,60.05341880341882,-28.075551793072634
1997-01-01,233.2,107.93151260504196,18.710084519380842
1997-02-01,26.6,-84.83983050847462,-169.72111040128993
1997-03-01,12.6,-103.06101694915252,-194.54952765126873
1997-04-01,92.0,-0.8353448275861837,-60.701638024075216
1997-05-01,17.6,-69.81782608695653,-129.45523016224573
1997-06-01,113.6,49.07068965517239,3.1649095232067026
1997-07-01,36.4,-0.591379310344827,-37.2537356715987
1997-08-01,25.0,-27.22347826086957,-82.34604892477597
1997-09-01,33.2,-76.35789473684214,-144.4918039656244
1997-10-01,105.6,-62.37149122807023,-169.9266769752464
1997-11-01,245.4,75.21594827586219,-34.926634589747394
1997-12-01,191.4,40.25341880341884,-47.87555179307262
1998-01-01,146.2,20.93151260504196,-68.28991548061916
1998-02-01,30.6,-80.83983050847462,-165.72111040128993
1998-03-01,13.4,-102.2610169491525,-193.74952765126872
1998-04-01,99.8,6.9646551724138135,-52.90163802407522
1998-05-01,80.8,-6.617826086956541,-66.25523016224574
1998-06-01,13.8,-50.72931034482761,-96.6350904767933
1998-07-01,0.0,-36.991379310344826,-73.6537356715987
1998-08-01,15.2,-37.02347826086957,-92.14604892477598
1998-09-01,225.4,115.84210526315786,47.70819603437562
1998-10-01,222.0,54.02850877192978,-53.5266769752464
1998-11-01,73.4,-96.78405172413781,-206.92663458974738
1998-12-01,33.4,-117.74658119658116,-205.87555179307262
1999-01-01,124.0,-1.2684873949580293,-90.48991548061915
1999-02-01,47.6,-63.83983050847461,-148.72111040128993
1999-03-01,102.2,-13.461016949152508,-104.94952765126872
1999-04-01,137.2,44.364655172413805,-15.501638024075227
1999-05-01,26.2,-61.217826086956535,-120.85523016224573
1999-06-01,49.8,-14.72931034482761,-60.635090476793295
1999-07-01,43.4,6.408620689655173,-30.253735671598697
1999-08-01,61.2,8.976521739130433,-46.146048924775975
1999-09-01,178.0,68.44210526315786,0.30819603437561227
1999-10-01,307.6,139.6285087719298,32.07332302475362
1999-11-01,140.4,-29.78405172413781,-139.92663458974738
1999-12-01,127.2,-23.946581196581164,-112.07555179307262
2000-01-01,24.6,-100.66848739495802,-189.88991548061915
2000-02-01,14.2,-97.23983050847461,-182.12111040128994
2000-03-01,139.6,23.938983050847483,-67.54952765126873
2000-04-01,89.0,-3.8353448275861837,-63.701638024075216
2000-05-01,4.6,-82.81782608695654,-142.45523016224575
2000-06-01,41.6,-22.929310344827606,-68.83509047679328
2000-07-01,1.8,-35.19137931034483,-71.8537356715987
2000-08-01,53.2,0.9765217391304333,-54.146048924775975
2000-09-01,81.2,-28.35789473684214,-96.49180396562438
2000-10-01,284.6,116.6285087719298,9.07332302475362
2000-11-01,415.8,245.6159482758622,135.4733654102526
2000-12-01,136.2,-14.946581196581178,-103.07555179307263
2001-01-01,208.6,83.33151260504197,-5.889915480619152
2001-02-01,24.4,-87.03983050847461,-171.92111040128992
2001-03-01,276.0,160.3389830508475,68.85047234873129
2001-04-01,68.2,-24.63534482758618,-84.50163802407522
2001-05-01,43.2,-44.217826086956535,-103.85523016224573
2001-06-01,20.6,-43.929310344827606,-89.83509047679328
2001-07-01,88.2,51.20862068965518,14.546264328401307
2001-08-01,4.0,-48.22347826086957,-103.34604892477597
2001-09-01,121.4,11.842105263157862,-56.29180396562438
2001-10-01,158.2,-9.771491228070232,-117.32667697524641
2001-11-01,102.0,-68.18405172413782,-178.3266345897474
2001-12-01,27.0,-124.14658119658117,-212.27555179307262
2002-01-01,37.8,-87.46848739495803,-176.68991548061916
2002-02-01,96.6,-14.83983050847462,-99.72111040128995
2002-03-01,16.2,-99.46101694915251,-190.94952765126874
2002-04-01,83.0,-9.835344827586184,-69.70163802407521
2002-05-01,96.0,8.582173913043462,-51.055230162245735
2002-06-01,,,
2002-07-01,112.2,75.20862068965518,38.54626432840131
2002-08-01,228.6,176.37652173913042,121.25395107522402
2002-09-01,277.0,167.44210526315786,99.30819603437561
2002-10-01,,,
2002-11-01,200.6,30.415948275862178,-79.7266345897474
2002-12-01,203.0,51.85341880341883,-36.27555179307262
2003-01-01,,,
2003-02-01,,,
2003-03-01,,,
2003-04-01,,,
2003-05-01,,,
2003-06-01,,,
2003-07-01,,,
2003-08-01,,,
2003-09-01,,,
2003-10-01,,,
2003-11-01,156.0,-14.184051724137817,-124.3266345897474
2003-12-01,144.2,-6.946581196581178,-95.07555179307263
2004-01-01,63.0,-62.26848739495803,-151.48991548061915
2004-02-01,126.6,15.16016949152538,-69.72111040128995
2004-03-01,108.4,-7.261016949152506,-98.74952765126872
2004-04-01,72.4,-20.435344827586178,-80.3016380240752
2004-05-01,,,
2004-06-01,66.2,1.6706896551723958,-44.23509047679329
2004-07-01,4.6,-32.391379310344824,-69.0537356715987
2004-08-01,3.4,-48.82347826086957,-103.94604892477598
2004-09-01,176.8,67.24210526315787,-0.8918039656243764
2004-10-01,138.6,-29.371491228070226,-136.9266769752464
2004-11-01,96.4,-73.78405172413781,-183.92663458974738
2004-12-01,104.4,-46.74658119658116,-134.87555179307262
2005-01-01,39.6,-85.66848739495802,-174.88991548061915
2005-02-01,30.0,-81.43983050847461,-166.32111040128996
2005-03-01,69.4,-46.261016949152506,-137.74952765126872
2005-04-01,97.8,4.9646551724138135,-54.90163802407522
2005-05-01,86.6,-0.8178260869565435,-60.45523016224574
2005-06-01,20.4,-44.12931034482761,-90.0350904767933
2005-07-01,40.6,3.608620689655176,-33.053735671598695
2005-08-01,60.0,7.77652173913043,-47.34604892477598
2005-09-01,104.8,-4.757894736842147,-72.89180396562439
2005-10-01,45.8,-122.17149122807022,-229.7266769752464
2005-11-01,184.8,14.615948275862195,-95.52663458974739
2005-12-01,211.6,60.45341880341883,-27.67555179307263
2006-01-01,123.2,-2.0684873949580265,-91.28991548061914
2006-02-01,132.2,20.760169491525374,-64.12111040128995
2006-03-01,142.0,26.33898305084749,-65.14952765126873
2006-04-01,9.2,-83.63534482758618,-143.50163802407522
2006-05-01,22.2,-65.21782608695653,-124.85523016224573
2006-06-01,5.0,-59.52931034482761,-105.43509047679329
2006-07-01,14.0,-22.991379310344826,-59.653735671598696
2006-08-01,76.6,24.376521739130425,-30.746048924775984
2006-09-01,122.2,12.642105263157859,-55.491803965624385
2006-10-01,97.2,-70.77149122807022,-178.32667697524641
2006-11-01,101.2,-68.98405172413781,-179.1266345897474
2006-12-01,113.8,-37.34658119658117,-125.47555179307263
2007-01-01,130.0,4.731512605041971,-84.48991548061915
2007-02-01,153.2,41.760169491525374,-43.121110401289954
2007-03-01,36.8,-78.86101694915251,-170.34952765126872
2007-04-01,2.0,-90.83534482758618,-150.7016380240752
2007-05-01,77.8,-9.61782608695654,-69.25523016224574
2007-06-01,55.4,-9.129310344827609,-55.03509047679329
2007-07-01,2.2,-34.79137931034482,-71.4537356715987
2007-08-01,106.8,54.57652173913043,-0.546048924775981
2007-09-01,63.2,-46.35789473684214,-114.49180396562438
2007-10-01,77.4,-90.57149122807022,-198.1266769752464
2007-11-01,105.0,-65.18405172413782,-175.3266345897474
2007-12-01,68.8,-82.34658119658117,-170.4755517930726
2008-01-01,165.6,40.331512605041965,-48.88991548061915
2008-02-01,75.0,-36.439830508474614,-121.32111040128994
2008-03-01,97.0,-18.66101694915251,-110.14952765126873
2008-04-01,172.4,79.56465517241382,19.69836197592479
2008-05-01,53.6,-33.817826086956536,-93.45523016224573
2008-06-01,90.8,26.27068965517239,-19.635090476793295
2008-07-01,9.2,-27.791379310344826,-64.4537356715987
2008-08-01,0.0,-52.22347826086957,-107.34604892477597
2008-09-01,36.8,-72.75789473684215,-140.89180396562438
2008-10-01,188.6,20.628508771929774,-86.92667697524641
2008-11-01,363.6,193.4159482758622,83.27336541025262
2008-12-01,250.2,99.05341880341882,10.924448206927366
2009-01-01,252.2,126.93151260504196,37.71008451938084
2009-02-01,144.8,33.3601694915254,-51.52111040128993
2009-03-01,285.6,169.93898305084753,78.45047234873131
2009-04-01,95.0,2.1646551724138163,-57.701638024075216
2009-05-01,,,
2009-06-01,,,
2009-07-01,35.4,-1.591379310344827,-38.2537356715987
2009-08-01,29.0,-23.22347826086957,-78.34604892477597
2009-09-01,112.2,2.642105263157859,-65.49180396562438
2009-10-01,85.4,-82.57149122807022,-190.1266769752464
2009-11-01,164.8,-5.384051724137805,-115.52663458974739
2009-12-01,397.2,246.05341880341882,157.92444820692737
2010-01-01,118.4,-6.868487394958024,-96.08991548061914
2010-02-01,156.8,45.3601694915254,-39.52111040128993
2010-03-01,54.8,-60.861016949152514,-152.34952765126872
2010-04-01,62.0,-30.835344827586184,-90.70163802407521
2010-05-01,243.6,156.18217391304347,96.54476983775427
2010-06-01,160.2,95.67068965517238,49.7649095232067
2010-07-01,134.4,97.40862068965518,60.74626432840131
2010-08-01,114.4,62.176521739130436,7.0539510752240275
2010-09-01,176.6,67.04210526315785,-1.0918039656243934
2010-10-01,318.8,150.8285087719298,43.27332302475361
2010-11-01,335.0,164.81594827586218,54.6733654102526
2010-12-01,371.2,220.05341880341882,131.92444820692737
2011-01-01,132.4,7.131512605041976,-82.08991548061914
2011-02-01,141.2,29.760169491525374,-55.121110401289954
2011-03-01,154.6,38.93898305084748,-52.54952765126873
2011-04-01,22.6,-70.23534482758618,-130.1016380240752
2011-05-01,10.4,-77.01782608695653,-136.65523016224574
2011-06-01,84.8,20.27068965517239,-25.635090476793295
2011-07-01,56.6,19.608620689655176,-17.053735671598695
2011-08-01,1.2,-51.02347826086957,-106.14604892477598
2011-09-01,97.6,-11.95789473684215,-80.0918039656244
2011-10-01,95.0,-72.97149122807022,-180.5266769752464
2011-11-01,110.8,-59.38405172413782,-169.5266345897474
2011-12-01,120.6,-30.546581196581172,-118.67555179307263
2012-01-01,,,
2012-02-01,,,
2012-03-01,,,
2012-04-01,,,
2012-05-01,,,
2012-06-01,,,
2012-07-01,,,
2012-08-01,,,
2012-09-01,,,
2012-10-01,,,
2012-11-01,,,
2012-12-01,,,
2013-01-01,220.8,95.53151260504198,6.310084519380865
2013-02-01,116.2,4.760169491525389,-80.12111040128994
2013-03-01,472.2,356.5389830508475,265.05047234873126
2013-04-01,157.6,64.76465517241381,4.898361975924779
2013-05-01,194.2,106.78217391304345,47.144769837754254
2013-06-01,27.8,-36.72931034482761,-82.6350904767933
2013-07-01,40.0,3.0086206896551744,-33.653735671598696
2013-08-01,48.0,-4.22347826086957,-59.34604892477598
2013-09-01,102.4,-7.157894736842138,-75.29180396562438
2013-10-01,136.8,-31.17149122807021,-138.7266769752464
2013-11-01,160.2,-9.984051724137828,-120.12663458974741
2013-12-01,146.6,-4.546581196581172,-92.67555179307263
2014-01-01,565.0,439.731512605042,350.5100845193809
2014-02-01,269.6,158.1601694915254,73.27888959871008
2014-03-01,74.6,-41.06101694915252,-132.54952765126873
2014-04-01,58.4,-34.435344827586185,-94.30163802407522
2014-05-01,43.0,-44.41782608695654,-104.05523016224573
2014-06-01,61.0,-3.529310344827607,-49.43509047679329
2014-07-01,160.0,123.00862068965517,86.3462643284013
2014-08-01,44.6,-7.623478260869568,-62.74604892477598
2014-09-01,46.8,-62.75789473684215,-130.89180396562438
2014-10-01,109.8,-58.171491228070224,-165.7266769752464
2014-11-01,435.0,264.8159482758622,154.6733654102526
2014-12-01,,,
2015-01-01,123.4,-1.8684873949580236,-91.08991548061914
2015-02-01,123.0,11.560169491525386,-73.32111040128994
2015-03-01,58.0,-57.66101694915251,-149.14952765126873
2015-04-01,82.4,-10.435344827586178,-70.3016380240752
2015-05-01,42.0,-45.41782608695654,-105.05523016224573
2015-06-01,64.6,0.07068965517238723,-45.8350904767933
2015-07-01,39.6,2.608620689655176,-34.053735671598695
2015-08-01,216.2,163.97652173913042,108.85395107522402
2015-09-01,30.2,-79.35789473684214,-147.4918039656244
2015-10-01,296.0,128.02850877192978,20.473323024753597
2015-11-01,11.0,-159.18405172413782,-269.3266345897474
2015-12-01,16.0,-135.14658119658117,-223.27555179307262
2016-01-01,223.0,97.73151260504197,8.510084519380854
2016-02-01,290.0,178.5601694915254,93.67888959871006
2016-03-01,49.4,-66.26101694915252,-157.74952765126875
2016-04-01,65.0,-27.835344827586184,-87.70163802407521
2016-05-01,103.6,16.182173913043457,-43.45523016224574
2016-06-01,203.4,138.87068965517238,92.9649095232067
2016-07-01,0.4,-36.59137931034483,-73.25373567159869
2016-08-01,74.2,21.976521739130433,-33.146048924775975
2016-09-01,48.6,-60.95789473684214,-129.0918039656244
2016-10-01,133.4,-34.571491228070215,-142.1266769752464
2016-11-01,182.6,12.415948275862178,-97.7266345897474
2016-12-01,9.8,-141.34658119658116,-229.4755517930726
2017-01-01,148.6,23.331512605041965,-65.88991548061915
2017-02-01,149.4,37.96016949152539,-46.92111040128994
2017-03-01,58.0,-57.66101694915251,-149.14952765126873
2017-04-01,44.2,-48.63534482758618,-108.50163802407522
2017-05-01,77.4,-10.017826086956532,-69.65523016224573
2017-06-01,64.0,-0.5293103448276071,-46.43509047679329
2017-07-01,1.0,-35.991379310344826,-72.6537356715987
2017-08-01,9.2,-43.02347826086957,-98.14604892477598
2017-09-01,120.0,10.442105263157856,-57.69180396562439
2017-10-01,6.4,-161.57149122807022,-269.12667697524637
2017-11-01,101.8,-68.38405172413782,-178.5266345897474
2017-12-01,361.0,209.85341880341883,121.72444820692738
2018-01-01,33.8,-91.46848739495803,-180.68991548061916
2018-02-01,98.6,-12.83983050847462,-97.72111040128995
2018-03-01,267.8,152.13898305084751,60.6504723487313
2018-04-01,151.6,58.76465517241381,-1.1016380240752213
2018-05-01,62.4,-25.01782608695654,-84.65523016224574
2018-06-01,21.8,-42.72931034482761,-88.6350904767933
2018-07-01,15.0,-21.991379310344826,-58.653735671598696
2018-08-01,32.8,-19.423478260869572,-74.54604892477599
2018-09-01,45.4,-64.15789473684214,-132.29180396562438
2018-10-01,116.8,-51.171491228070224,-158.7266769752464
2018-11-01,175.6,5.415948275862178,-104.7266345897474
2018-12-01,71.6,-79.54658119658117,-167.67555179307263
2019-01-01,49.6,-75.66848739495802,-164.88991548061915
2019-02-01,108.6,-2.83983050847462,-87.72111040128995
2019-03-01,49.4,-66.26101694915252,-157.74952765126875
2019-04-01,182.0,89.16465517241382,29.298361975924784
2019-05-01,195.2,107.78217391304345,48.144769837754254
2019-06-01,7.4,-57.12931034482761,-103.0350904767933
2019-07-01,107.6,70.60862068965517,33.9462643284013
2019-08-01,48.8,-3.4234782608695724,-58.54604892477598
2019-09-01,100.0,-9.557894736842144,-77.69180396562439
2019-10-01,256.4,88.42850877192976,-19.126676975246426
2019-11-01,,,
2019-12-01,217.2,66.05341880341882,-22.075551793072634
2020-01-01,73.2,-52.06848739495803,-141.28991548061913
2020-02-01,76.2,-35.23983050847461,-120.12111040128994
2020-03-01,137.6,21.938983050847483,-69.54952765126873
2020-04-01,37.8,-55.03534482758619,-114.90163802407523
2020-05-01,57.8,-29.61782608695654,-89.25523016224574
2020-06-01,83.2,18.670689655172396,-27.23509047679329
2020-07-01,46.8,9.808620689655172,-26.8537356715987
2020-08-01,127.6,75.37652173913042,20.253951075224016
2020-09-01,70.2,-39.35789473684214,-107.49180396562438
2020-10-01,184.6,16.628508771929774,-90.92667697524641
2020-11-01,26.2,-143.98405172413783,-254.12663458974743
2020-12-01,368.0,216.85341880341883,128.72444820692738
2021-01-01,289.2,163.93151260504197,74.71008451938086
2021-02-01,121.8,10.360169491525383,-74.52111040128995
2021-03-01,19.2,-96.46101694915251,-187.94952765126874
2021-04-01,82.2,-10.63534482758618,-70.50163802407522
2021-05-01,145.0,57.58217391304346,-2.055230162245735
2021-06-01,11.4,-53.12931034482761,-99.0350904767933
2021-07-01,8.6,-28.391379310344824,-65.0537356715987
2021-08-01,8.6,-43.62347826086957,-98.74604892477598
2021-09-01,218.0,108.44210526315786,40.30819603437561
2021-10-01,161.8,-6.1714912280702094,-113.72667697524639
2021-11-01,165.6,-4.584051724137822,-114.7266345897474
2021-12-01,150.8,-0.3465811965811554,-88.47555179307261
2022-01-01,43.0,-82.26848739495803,-171.48991548061915
2022-02-01,85.4,-26.03983050847461,-110.92111040128994
2022-03-01,37.4,-78.26101694915252,-169.74952765126875
2022-04-01,83.6,-9.23534482758619,-69.10163802407521
2022-05-01,16.4,-71.01782608695655,-130.65523016224574
2022-06-01,31.6,-32.929310344827606,-78.83509047679328
2022-07-01,3.4,-33.59137931034483,-70.25373567159869
2022-08-01,48.8,-3.4234782608695724,-58.54604892477598
2022-09-01,36.0,-73.55789473684214,-141.6918039656244
2022-10-01,1.8,-166.1714912280702,-273.7266769752464
2022-11-01,171.4,1.2159482758621891,-108.9266345897474
2022-12-01,170.8,19.653418803418845,-68.47555179307261
